room1
(-545, -145, -265, 125, 135, 305) [19, 21, 32, 34, 61, 62, 63, 66, 70]

room 2
(-85, -295, -165, 595, 65, 325) [0, 5, 23, 36, 37, 48]

office 2
(-345, -125, -525, 305, 155, 285) [6, 20, 22, 31, 51, 55, 60, 64]

office 3
(-515, -125, -325, 355, 155, 595) [8, 53]
(-515, -125, -325, 355, 165, 595) [7, 12, 41, 45, 52, 56, 69, 71, 75]
(-515, -125, -325, 355, 175, 595) [49, 58, 68]
(-515, -125, -325, 355, 185, 595) [67]



FRL apartment
(-365, -155, -625, 915, 165, 105) [4, 15, 18, 24, 46]
(-355, -145, -605, 935, 165, 115) [11, 25, 50]
(-345, -145, -615, 955, 155, 115) [3, 13, 26, 47]
(-335, -145, -605, 955, 165, 125) [9, 16, 27, 30, 35, 38]


apartment 0
(-325, -155, -495, 535, 125, 985) [88]
(-325, -155, -495, 535, 145, 985) [94]
(-325, -155, -495, 545, 125, 985) [83, 84, 98]
(-325, -155, -495, 545, 175, 985) [78]
(-325, -155, -495, 605, 155, 985) [82]
(-325, -155, -495, 605, 165, 985) [29]
(-325, -155, -495, 605, 175, 985) [14, 39]
(-325, -155, -495, 605, 195, 985) [72, 89, 91, 92, 95]
(-325, -155, -495, 605, 205, 985) [44, 87]
(-325, -155, -495, 605, 225, 985) [79, 90]
(-325, -155, -495, 605, 265, 985) [76]
(-325, -155, -495, 605, 275, 985) [100]
(-325, -155, -495, 605, 285, 985) [93]
(-325, -155, -485, 605, 275, 985) [86]
(-325, -155, -475, 605, 125, 985) [85]
(-325, -155, -475, 605, 165, 985) [80]
(-325, -155, -475, 605, 195, 985) [96]
(-325, -155, -475, 605, 255, 985) [97, 99]
(-325, -155, -475, 605, 265, 985) [77]
(-325, -155, -465, 605, 245, 985) [81]

FRL apartment 3
(-305, -145, -615, 955, 155, 115) [40]

apartment 2
(-265, -165, -845, 675, 115, 155) [59]
(-265, -165, -845, 675, 115, 165) [73]
(-265, -165, -845, 675, 115, 175) [28, 57, 74]
(-265, -165, -835, 675, 115, 165) [54, 65]

FRL apartment 4
(-115, -155, -375, 665, 155, 915) [10, 17]
(-115, -155, -365, 665, 155, 915) [1, 2]

office 4
(-125, -125, -415, 535, 165, 235) [33, 43]
(-115, -125, -415, 535, 165, 235) [42]


